
1 of 5
0.7027027027027027
2 of 5
0.6918918918918919
3 of 5
0.7189189189189189
4 of 5
0.6594594594594595
5 of 5
0.7567567567567568
6 of 5
0.6864864864864865
7 of 5
0.7243243243243244
8 of 5
0.7891891891891892
9 of 5
0.7945945945945946
10 of 5
0.7351351351351352
11 of 5
0.7351351351351352
12 of 5
0.7081081081081081
13 of 5
0.7675675675675676
14 of 5
0.6972972972972973
15 of 5
0.7135135135135136
16 of 5
0.8162162162162162
17 of 5
0.6864864864864865
18 of 5
0.7405405405405405
19 of 5
0.7243243243243244
20 of 5
0.7081081081081081
21 of 5
0.8054054054054054
22 of 5
0.7837837837837838
23 of 5
0.6702702702702703
24 of 5
0.7837837837837838
25 of 5
0.7351351351351352
26 of 5
0.6972972972972973
27 of 5
0.7783783783783784
28 of 5
0.7243243243243244
29 of 5
0.7351351351351352
30 of 5
0.7189189189189189
31 of 5
0.6864864864864865
32 of 5
0.7135135135135136
33 of 5
0.7675675675675676
34 of 5
0.7675675675675676
35 of 5
0.7027027027027027
36 of 5
0.7135135135135136
37 of 5
0.7405405405405405
38 of 5
0.7675675675675676
39 of 5
0.7783783783783784
40 of 5
0.6702702702702703
41 of 5
0.6486486486486487
42 of 5
0.7081081081081081
43 of 5
0.7297297297297297
44 of 5
0.6972972972972973
45 of 5
0.6810810810810811
46 of 5
0.7081081081081081
47 of 5
0.6918918918918919
48 of 5
0.7405405405405405
49 of 5
0.7837837837837838
50 of 5
0.7081081081081081
51 of 5
0.7243243243243244
52 of 5
0.7405405405405405
53 of 5
0.7189189189189189
54 of 5
0.6972972972972973
55 of 5
0.7405405405405405
56 of 5
0.7783783783783784
57 of 5
0.7297297297297297
58 of 5
0.7351351351351352
59 of 5
0.7243243243243244
60 of 5
0.7405405405405405
61 of 5
0.7513513513513513
62 of 5
0.7081081081081081
63 of 5
0.7243243243243244
64 of 5
0.7027027027027027
65 of 5
0.7513513513513513
66 of 5
0.7081081081081081
67 of 5
0.7351351351351352
68 of 5
0.654054054054054
69 of 5
0.7513513513513513
70 of 5
0.7189189189189189
71 of 5
0.7405405405405405
72 of 5
0.6702702702702703
73 of 5
0.7081081081081081
74 of 5
0.7189189189189189
75 of 5
0.7513513513513513
76 of 5
0.7405405405405405
77 of 5
0.7621621621621621
78 of 5
0.772972972972973
79 of 5
0.7621621621621621
80 of 5
0.7621621621621621
81 of 5
0.7243243243243244
82 of 5
0.745945945945946
83 of 5
0.6756756756756757
84 of 5
0.7351351351351352
85 of 5
0.7189189189189189
86 of 5
0.7081081081081081
87 of 5
0.772972972972973
88 of 5
0.7351351351351352
89 of 5
0.7513513513513513
90 of 5
0.7675675675675676
91 of 5
0.7675675675675676
92 of 5
0.7081081081081081
93 of 5
0.7513513513513513
94 of 5
0.7567567567567568
95 of 5
0.7837837837837838
96 of 5
0.6972972972972973
97 of 5
0.7621621621621621
98 of 5
0.6810810810810811
99 of 5
0.745945945945946
100 of 5
0.7675675675675676

Max Score: 0.8162162162162162
Min Score: 0.6486486486486487
Mean Score: 0.7307567567567566
Best Model: 15